{
  "hum_min": 0.44,
  "hum_max": 0.69,
  "hum_mean": 0.577500,
  "hum_q25": 0.5325,
  "hum_q50": 0.595,
  "hum_q75": 0.6400,
  "windspeed_min": 6.0032,
  "windspeed_max": 15.0013,
  "windspeed_mean": 10.374671,
  "windspeed_q25": 8.998100,
  "windspeed_q50": 11.00140,
  "windspeed_q75": 12.998000,
  "temp_min": -1.42,
  "temp_max": 5.16,
  "temp_mean": 2.144167,
  "temp_q25": -0.48,
  "temp_q50": 2.81,
  "temp_q75": 4.220,
  "atemp_min": -6.0010,
  "atemp_max": 3.0014,
  "atemp_mean": -1.249825,
  "atemp_q25": -4.00120,
  "atemp_q50": -0.9982,
  "atemp_q75": 1.25075,
  "clear": 0.500000,
  "cloudy": 0.500000,
  "rainy": 0,
  "snowy": 0,
  "cnt": 2729,
  "cnt_j_1": 1796,
  "cnt_j_2": 1341,
  "cnt_j_3": 3095,
  "cnt_j_4": 2114,
  "cnt_j_5": 441,
  "cnt_j_6": 1013,
  "cnt_j_7": 920
}